37.93374375306824
34.47072430098823
30.84059052801895
31.509048394305363
36.60584833219166
43.74983233898134
50.325827689460745
53.49852970047519
53.94664274222144
53.15803475508496
52.731474085372255
51.096868581188744
48.16376927550105
45.13646741422959
43.40387626876121
46.12085697419809
52.19017683939857
57.720856861737005
58.20858647178602
54.01644576233386
51.969438524064216
51.91350312403431
47.63074317464023
40.126527276410485
36.44123138257074
33.11446527276952
29.627159995663614
30.269317224684084
35.16558232986933
42.02848454905117
48.34574576369589
51.39361704273286
51.82409896790541
51.06651895375088
50.656741417294356
49.08644986408174
46.26875406367772
43.36056213014209
41.69614020452343
44.30622064354673
50.13674164306485
55.44981571529358
55.91835548525735
51.891155571220835
49.9246883304137
49.8709537222971
45.75670000434571
32.5103920916294
29.524576407728045
26.82924047990745
24.003836200066587
24.524110061697336
28.49104936989193
34.05135217145732
39.16957826709255
41.63895443921296
41.98772960431294
41.37394054822821
41.04194001678987
39.7696945084394
37.48680581899319
35.13059743381009
33.78208777995878
35.896767126088584
40.62063775877717
44.92527444238999
45.304883959234445
42.04205866326939
40.448832800647374
40.4052971822589
37.071941155367526
25.957555036032772
