-1.0077422674229468
-0.9064399210702407
-0.8219728765382248
-0.746075575412152
-0.6755930830540705
-0.6088964309076988
-0.5450033273623429
-0.4832604613244489
-0.423202110999541
-0.3644781249880833
-0.30681351690131214
-0.24998404151873957
-0.19380049059257176
-0.13809801992721443
-0.08272849037797653
-0.02755464192302759
0.02755464192302759
0.08272849037797653
0.13809801992721443
0.19380049059257176
0.24998404151873957
0.30681351690131214
0.3644781249880833
0.423202110999541
0.4832604613244489
0.5450033273623429
0.6088964309076988
0.6755930830540705
0.746075575412152
0.8219728765382248
0.9064399210702407
1.0077422674229468
